_C_63cc4b4d_0 84 0 40 0 0 1 0 0 
_C_42bf528_0 84 0 40 0 0 2 0 0 
_C_dac99466_0 84 0 40 0 0 3 0 0 
_C_50bb6dc1_0 84 0 40 0 0 8 0 0 
_C_c4c51021_0 94 0 20 0 0 64 
_C_f95ad7a1_0 8c 0 40 0 0 2e767064 0 74657374 
_C_d4487d88_0 94 0 400 0 0 1 0 0 0 0 0 0 0 0 0 0 0 0 0 0 0 0 0 0 0 0 0 0 0 0 0 0 0 0 0 0 0 0 0 0 0 0 0 0 0 0 0 0 0 0 0 0 0 0 0 0 0 0 0 0 0 0 0 0 0 0 0 0 
_C_b5ccab95_0 94 0 40 0 0 2 0 0 
_C_18d733c0_0 8c 0 f8 0 0 697a6564 0 7469616c 0 20696e69 0 72726179 0 74682061 0 6c656e67 0 6b657420 0 706163 
_C_d6142acf_0 c4 0 20 0 0 0 
_C_93368c9b_0 8c 0 170 0 0 68202568 0 783a2025 0 496e6465 0 74656420 0 78706563 0 793a2045 0 68204b65 0 20776974 0 75657374 0 20526571 0 61726368 0 5365 
_C_8841b0c8_0 8c 0 148 0 0 61746368 0 2774206d 0 6469646e 0 64657820 0 6520696e 0 706f6e73 0 20726573 0 65643a3a 0 6661696c 0 65737420 0 74 
_C_b31e21cf_0 8c 0 178 0 0 3a202568 0 6e646578 0 65642049 0 70656374 0 20204578 0 3a202568 0 204b6579 0 77697468 0 65737420 0 52657175 0 72636820 0 536561 
_C_12b201e6_0 8c 0 110 0 0 636f6d65 0 6e277420 0 20646964 0 6f6e7365 0 72657370 0 643a3a20 0 61696c65 0 73742066 0 7465 
_C_5b1b3b98_0 8c 0 58 0 0 73736564 0 74207061 0 746573 
_C_d5dad42_0 8c 0 70 0 0 61736564 0 72656c65 0 73657420 0 7265 
_C_9549dbe5_0 94 0 3ff 0 0 1 0 0 0 0 0 0 0 0 0 0 0 0 0 0 0 0 0 0 0 0 0 0 0 0 0 0 0 0 0 0 0 0 0 0 0 0 0 0 0 0 0 0 0 0 0 0 0 0 0 0 0 0 0 0 0 0 0 0 0 0 0 0 
_C_4b606d95_0 84 0 20 0 0 fffffe24 
_C_e8d2b47f_0 84 0 3fe 0 0 0 0 0 0 0 0 0 0 0 0 0 0 0 0 0 0 0 0 0 0 0 0 0 0 0 0 0 0 0 0 0 0 0 0 0 0 0 0 0 0 0 0 0 0 0 0 0 0 0 0 0 0 0 0 0 0 0 0 0 0 0 0 0 
_C_41d1cbce_0 8c 0 d8 0 0 3a202568 0 6e646578 0 65642049 0 63656976 0 65207265 0 706f6e73 0 526573 
_C_be02186c_0 84 0 3ff 0 0 0 0 0 0 0 0 0 0 0 0 0 0 0 0 0 0 0 0 0 0 0 0 0 0 0 0 0 0 0 0 0 0 0 0 0 0 0 0 0 0 0 0 0 0 0 0 0 0 0 0 0 0 0 0 0 0 0 0 0 0 0 0 0 
_C_72d721bd_0 84 0 3ff 0 0 3ff 0 0 0 0 0 0 0 0 0 0 0 0 0 0 0 0 0 0 0 0 0 0 0 0 0 0 0 0 0 0 0 0 0 0 0 0 0 0 0 0 0 0 0 0 0 0 0 0 0 0 0 0 0 0 0 0 0 0 0 0 0 0 
_C_b1d84ab8_0 84 0 400 0 0 400 0 0 0 0 0 0 0 0 0 0 0 0 0 0 0 0 0 0 0 0 0 0 0 0 0 0 0 0 0 0 0 0 0 0 0 0 0 0 0 0 0 0 0 0 0 0 0 0 0 0 0 0 0 0 0 0 0 0 0 0 0 0 
_C_ebaa3c4d_0 84 0 20 0 0 fffffffc 
_C_ff65d1d1_0 84 0 20 0 0 fffffffe 
_C_d6fa0ae9_0 84 0 20 0 0 fffffffa 
_C_2ee9041d_0 84 0 1e 0 0 0 
_C_73983264_0 84 0 20 0 0 fffffe09 
_C_6d302936_0 84 0 20 0 0 fffffe0a 
_C_9870f3a6_0 84 0 20 0 0 fffffe12 
_C_b35bc3_0 84 0 20 0 0 0 
_C_ad4ad0d_0 84 0 20 0 0 1 
_C_976157_0 8c 0 58 0 0 53534544 0 54205041 0 544553 
_C_46658637_0 8c 0 58 0 0 2e767064 0 696c6f67 0 766572 
_C_538cedb3_0 84 0 20 0 0 8 
_C_c128b318_0 84 0 20 0 0 fffffe1b 
_C_1c855cb8_0 94 0 20 0 0 4 
_C_16e2aa76_0 94 0 20 0 0 5 
_C_84ab124_0 94 0 20 0 0 6 
_C_22d47ea_0 94 0 20 0 0 7 
_C_6124b81d_0 84 0 30 0 0 0 0 0 
_C_351a8780_0 94 0 20 0 0 0 
_C_3f7d714e_0 94 0 20 0 0 1 
_C_21d56a1c_0 94 0 20 0 0 2 
_C_2bb29cd2_0 94 0 20 0 0 3 
_C_2ab69f60_0 84 0 3d 0 0 0 0 0 
_C_80d32339_0 8c 0 58 0 0 494c4544 0 54204641 0 544553 
_C_cbe489e2_0 84 0 40 0 0 4 0 0 
